## Gasphase polarizability data in [Ang**3]
## mol charge alpha a1 a2 a3 FA
met 0 16.2355 13.6546 18.7323 16.3195 0.1552
hisE 0 15.9267 13.3802 16.8094 17.5905 0.1397
his_cation 1 15.1625 9.9108 15.4493 20.1273 0.3252
cys 0 12.0484 11.0104 12.1181 13.0167 0.0832
pro 0 11.7384 13.4116 11.6939 10.1097 0.1398
asp_anion -1 13.4877 16.4470 14.0844 9.9318 0.2398
gly 0 6.9551 8.3963 7.2020 5.2669 0.2233
arg 0 19.0156 21.3783 19.1414 16.5272 0.1270
arg_cation 1 17.6620 20.5054 17.5976 14.8829 0.1579
thr 0 11.4664 9.6882 12.8698 11.8414 0.1407
ala 0 8.8310 7.3745 9.2180 9.9006 0.1469
asp 0 11.7816 14.1949 11.9968 9.1532 0.2113
asn 0 12.2544 11.0169 11.9176 13.8286 0.1166
val 0 12.6202 11.1194 13.9666 12.7747 0.1128
glu 0 13.4789 12.1064 14.2937 14.0367 0.0885
lys_cation 1 14.7981 16.6714 13.4759 14.2469 0.1122
tyr 0 20.2721 15.4658 24.7955 20.5552 0.2265
glu_anion -1 15.4786 18.5105 12.6826 15.2427 0.1865
hisD 0 16.0337 13.5021 16.5803 18.0188 0.1429
ser 0 9.5292 8.1400 10.0649 10.3825 0.1267
leu 0 14.7352 17.0822 14.3566 12.7668 0.1470
gln 0 14.3934 11.8735 15.0130 16.2938 0.1567
lys 0 15.9449 15.3126 16.3878 16.1343 0.0352
phe 0 19.2612 15.1001 20.1028 22.5806 0.1953
trp 0 24.6068 32.0181 24.4956 17.3065 0.2904
ile 0 14.5710 15.9486 14.7378 13.0267 0.1004
