## Polarizability in solvent [Ang**3]
## mol charge alpha a1 a2 a3 FA cavity_volume 
gly 0 8.2850 5.8755 8.5363 10.4433 0.2701 108.8100
ala 0 10.2263 7.9250 10.8610 11.8930 0.1987 131.9771
cys 0 14.1828 17.3437 14.1107 11.0939 0.2169 161.5554
ser 0 11.0516 12.4128 11.6505 9.0915 0.1561 143.8755
val 0 14.3940 12.3511 15.9731 14.8576 0.1282 176.9986
asp 0 13.2480 11.6734 13.1507 14.9199 0.1221 172.7229
asp_anion -1 15.1716 17.9309 11.5956 15.9881 0.2107 171.2739
pro 0 13.2149 15.3178 13.2108 11.1161 0.1577 164.7939
asn 0 14.3244 17.3678 15.3448 10.2605 0.2502 176.6814
gln 0 16.4620 20.3802 16.8145 12.1914 0.2444 198.9216
glu 0 15.4171 10.9399 15.7046 19.6068 0.2744 193.8417
thr 0 13.2423 10.9194 14.9135 13.8940 0.1554 166.8248
hisD 0 18.5937 24.1280 13.1805 18.4726 0.2863 210.0213
glu_anion2 -2 19.5758 15.4090 22.7571 20.5612 0.1903 193.2549
met 0 18.3835 21.9135 17.9560 15.2810 0.1796 208.1433
glu_anion -1 17.1247 13.2339 20.6885 17.4516 0.2149 193.3855
glu_cation 1 13.6386 12.2489 14.4711 14.1957 0.0886 196.4325
tyr 0 23.7064 32.3955 23.0493 15.6743 0.3396 250.2946
ile 0 16.5901 14.6740 17.8914 17.2050 0.1018 200.4953
leu 0 16.7720 18.9860 16.6934 14.6365 0.1290 201.4896
hisE 0 18.4040 15.3579 19.0807 20.7735 0.1494 210.0691
arg 0 22.1293 28.1767 16.7934 21.4177 0.2531 243.4457
lys_cation 1 17.3750 21.3145 13.4416 17.3690 0.2228 221.8927
his_cation 1 16.6932 13.7161 17.4845 18.8790 0.1586 209.9940
phe 0 22.4565 15.2120 29.7220 22.4355 0.3124 237.8400
lys 0 18.7277 22.5574 18.5573 15.0683 0.1975 215.2792
trp 0 28.3565 18.3736 36.7499 29.9459 0.3165 280.9189
arg_cation 1 20.2614 26.0109 15.3852 19.3880 0.2589 248.1801
