## Polarizability with local field corrections [Ang**3]
## mol charge initial converged nsteps
met 0 24.5869 26.1854 7
gly 0 10.8657 11.3843 6
cys 0 18.9523 20.1670 7
his_cation 1 22.0105 23.1528 6
hisE 0 24.5859 26.1404 7
pro 0 17.4437 18.3646 6
asp_anion -1 20.2997 21.6240 7
thr 0 17.4571 18.3624 6
ala 0 13.4405 14.1037 6
glu_cation 1 17.6976 18.4009 5
tyr 0 32.0387 34.4770 7
asp 0 17.3901 18.2276 6
asn 0 18.9351 19.9591 6
glu 0 20.3292 21.3845 6
arg 0 29.7212 31.7844 7
ser 0 14.5096 15.2131 6
val 0 19.0346 20.0708 6
gln 0 21.8197 23.0490 6
glu_anion2 -2 26.7452 29.1367 8
lys_cation 1 22.8659 24.0190 6
hisD 0 24.8766 26.4994 7
glu_anion -1 22.9118 24.4045 7
ile 0 21.9892 23.2304 6
arg_cation 1 26.8074 28.2784 6
leu 0 22.2479 23.5178 6
phe 0 30.3348 32.6300 7
lys 0 24.9933 26.5520 7
trp 0 38.7192 42.1534 8
