## Polarizability of gasphase structures in solvent [Ang**3]
## mol charge alpha a1 a2 a3 FA cavity_volume
gly 0 7.5239 9.0595 7.8459 5.6662 0.2247 108.5069
ala 0 9.5906 7.9894 10.0281 10.7542 0.1484 131.4180
cys 0 13.2064 12.1197 13.2660 14.2334 0.0800 160.2318
asp 0 12.7567 15.1801 13.1580 9.9319 0.2046 173.7701
ser 0 10.3489 8.8121 10.9151 11.3196 0.1294 143.3935
pro 0 12.8229 14.6140 12.8217 11.0331 0.1387 164.3457
glu_anion -1 16.6570 19.8735 13.6133 16.4842 0.1859 190.9585
asp_anion -1 14.4758 17.6610 15.1524 10.6139 0.2419 168.9624
thr 0 12.4736 10.5443 13.9084 12.9681 0.1383 166.1890
val 0 13.7617 12.1170 15.1415 14.0267 0.1107 176.6663
hisD 0 17.5447 14.7994 18.2898 19.5448 0.1392 207.7551
asn 0 13.3667 12.0255 12.8729 15.2017 0.1224 174.8289
met 0 17.8057 15.0471 20.3293 18.0407 0.1477 208.2238
glu 0 14.6460 13.2038 15.1268 15.6075 0.0866 194.5989
lys_cation 1 16.2028 18.0618 14.8056 15.7409 0.1031 213.9987
hisE 0 17.4395 14.6120 18.6388 19.0676 0.1400 207.9332
arg 0 20.8407 23.3178 21.0291 18.1753 0.1230 233.7001
ile 0 15.8868 17.2877 16.1339 14.2388 0.0966 199.9110
gln 0 15.6861 12.9073 16.5544 17.5967 0.1557 197.5993
leu 0 16.0457 18.3799 15.8010 13.9561 0.1376 201.1046
his_cation 1 16.5489 10.8036 17.0726 21.7705 0.3209 208.7064
lys 0 17.4595 16.8238 18.0308 17.5240 0.0347 213.2431
phe 0 21.2059 16.5650 22.3646 24.6881 0.1948 236.1539
trp 0 27.2658 35.5184 27.2866 18.9925 0.2942 278.7760
tyr 0 22.3080 16.9460 27.0754 22.9026 0.2243 248.3062
arg_cation 1 19.3905 22.4453 16.3724 19.3540 0.1553 240.4970
