## Excess polarizability [Ang**3]
## mol charge numerical quantum_classical cavity_volume
met 0 13.4314 13.8399 208.1433
gly 0 4.7170 4.9105 108.8100
cys 0 10.2678 10.5885 161.5554
his_cation 1 10.2855 10.6939 209.9940
hisE 0 13.2685 13.7007 210.0691
pro 0 8.2669 8.5920 164.7939
asp_anion -1 11.1292 11.4679 171.2739
thr 0 8.1403 8.4621 166.8248
ala 0 6.0169 6.2616 131.9771
glu_cation 1 6.3646 6.6215 196.4325
tyr 0 19.1403 19.5347 250.2946
asp 0 7.6441 7.9610 172.7229
asn 0 9.1330 9.4843 176.6814
glu 0 9.5070 9.8851 193.8417
arg 0 16.8674 17.3149 243.4457
ser 0 6.3972 6.6593 143.8755
val 0 9.2253 9.5780 176.9986
gln 0 10.8602 11.2643 198.9216
glu_anion2 -2 17.2951 17.4313 193.2549
lys_cation 1 10.4226 10.8417 221.8927
hisD 0 13.6304 14.0441 210.0213
glu_anion -1 12.5549 12.9384 193.3855
ile 0 10.9452 11.3497 200.4953
arg_cation 1 13.0713 13.5677 248.1801
leu 0 11.1716 11.5810 201.4896
phe 0 18.0564 18.4344 237.8400
lys 0 13.3608 13.8038 215.2792
trp 0 24.9402 25.1534 280.9189
